N	X0	MUX	MUY
2	0.000	9.447463309	9.445214093
2	0.001	9.451182363	9.451419696
2	0.002	9.455403496	9.456995825
2	0.0025	9.471474358	9.457922887
2	0.003	9.506682255	9.457074224
2	0.0035	9.555378731	9.45434588
2	0.004	9.597646822	9.449828502
2	0.0045	9.62501751	9.443762283
2	0.005	9.641513199	9.436521638
2	0.0055	9.651937055	9.428613364
2	0.006	9.659121543	9.42063581
2	0.0065	9.664540922	9.413143917
2	0.007	9.668972488	9.406407341
2	0.0075	9.672850578	9.400113389
2	-0.001	9.428111854	9.443180461
2	-0.002	9.395678008	9.448174942
2	-0.0025	9.380950456	9.454254608
2	-0.003	9.371358903	9.463874381
2	-0.0035	9.368063726	9.478938652
2	-0.004	9.370288555	9.502362866
2	-0.0045	9.376166475	9.53504503
2	-0.005	9.383747397	9.56845268
2	-0.0055	9.391639621	9.589838919
2	-0.006	9.399127721	9.597107547
2	-0.0065	9.40588133	9.593848607
			
1	0.000	9.441679634	9.450716995
1	0.001	9.441230505	9.450876758
1	0.002	9.439833475	9.451307873
1	0.003	9.437453046	9.451991323
1	0.004	9.434051983	9.452904901
1	0.005	9.429592819	9.454022286
1	0.006	9.424041725	9.455312422
1	0.007	9.417374863	9.45673926
1	0.008	9.409587025	9.458261871
1	0.009	9.400701765	9.45983494
1	0.010	9.390781372	9.461409582
1	0.011	9.379934105	9.462934413
1	0.012	9.368315679	9.46435676
1	0.013	9.356122668	9.465623871
1	0.014	9.343577496	9.466684015
1	0.015	9.330907571	9.467487318
1	0.016	9.318323401	9.467986271
1	0.017	9.306000884	9.468135825
1	0.018	9.294071243	9.467893049
1	0.019	9.28261921	9.467216348
1	0.020	9.271687689	9.466064247
1	-0.001	9.441215272	9.450845585
1	-0.002	9.439873316	9.45127887
1	-0.003	9.437695425	9.452034028
1	-0.004	9.43473466	9.453130635
1	-0.005	9.431061935	9.454592264
1	-0.006	9.426772348	9.456448057
1	-0.007	9.421989972	9.4587342
1	-0.008	9.416869407	9.461495165
1	-0.009	9.411592445	9.464784501
1	-0.010	9.406358986	9.468664781
1	-0.011	9.401372778	9.47320611
1	-0.012	9.396824172	9.478482255
1	-0.013	9.392873217	9.484563211
1	-0.014	9.389636402	9.491502837
1	-0.015	9.387179231	9.499320678
1	-0.016	9.385515149	9.507978633
1	-0.017	9.384609886	9.51735635
1	-0.018	9.384389474	9.527233557
1	-0.019	9.384750183	9.537290732
1	-0.020	9.385569042	9.547137376
			
3	0.000	10.43999661	9.44000316
3	-0.001	10.39080214	9.434229972
3	-0.0005	10.42018336	9.437172598
3	-0.002	10.33346617	9.431890213
3	-0.0015	10.35872881	9.432090238
3	-0.002	10.33346617	9.431890213
3	-0.0025	10.32511916	9.435211286
3	-0.003	10.36192073	9.444420653
3	-0.0031	10.3827411	9.447248731
3	-0.0032	10.41109821	9.450474315
3	-0.0033	10.44663388	9.454127081
3	-0.0034	10.48560044	9.45823478
3	-0.0035	10.52194409	9.462821426
3	-0.0036	10.55134279	9.467904964
3	-0.004	10.60287055	9.493191648
3	0.001	10.45167623	9.442286425
3	0.0005	10.44903819	9.44194078
3	0.0015	10.45666002	9.440282229
3	0.002	10.46859711	9.434939644
3	0.0025	10.47915284	9.425710399

4	0.000	9.434324704	9.425235136
4	0.001	9.437194837	9.436652349
4	0.002	9.446102245	9.44935452
4	0.003	9.460689444	9.464089343
4	0.004	9.480406394	9.480314651
4	0.005	9.505304272	9.495010459
4	0.006	9.53915132	9.504132808
4	0.007	9.612115892	9.506164483
4	-0.001	9.437432525	9.414220361
4	-0.002	9.445993519	9.403046714
4	-0.003	9.459119766	9.391508502
4	-0.004	9.476096637	9.379310188
4	-0.005	9.498580832	9.363931521
4	-0.006	9.551249488	9.331331033